100
Ref_strain_id	0.0	8.686187749436058	4.435710567412806	10.405604719764012	8.555092833593614	6.90907513447857	3.6242408467811904	8.547891723060905	8.409769217421482	7.875498872115218	8.406298802706923	7.875498872115218	8.51882699982648	7.3622245358320315	7.875498872115218	9.905865000867603	9.481520041644977	6.689831684886344	4.592052750303662	8.41610272427555	7.230435537046677	7.870119729307652	7.875498872115218	8.409769217421482	8.398056567759847	8.135432934235642	7.9681589449939265	8.929290300190873	9.855370466770779	8.409769217421482	9.855370466770779	7.3622245358320315	4.592052750303662	7.87359014402221	7.875498872115218	6.689831684886344	6.689831684886344	7.875498872115218	8.41610272427555	7.875498872115218	8.41610272427555	7.866822835328822	4.590317542946382	7.866822835328822	8.40733992712129	8.32517785875412	8.043206663196251	7.864740586500087	7.860836369946209	8.53678639597432	9.312510845045983	8.53678639597432	7.864740586500087	7.864740586500087	8.398403609231304	8.405084157556828	8.53678639597432	8.961044594829081	8.207183758459136	8.405084157556828	8.616692694777026	8.405084157556828	7.864740586500087	9.718636127017179	8.398403609231304	8.878882526461911	6.685840707964601	8.405084157556828	8.508155474579212	8.535484990456359	8.398403609231304	7.357886517438834	8.391376019434322	8.081815026895715	7.864740586500087	6.685840707964601	7.86239805656776	8.398403609231304	8.036352594135	9.74692000694083	8.393631788998785	8.529411764705882	8.499219156689225	8.640551795939615	8.393631788998785	8.393631788998785	8.866389033489503	8.09335415582162	8.393631788998785	8.532101336109665	7.860229047371161	7.860229047371161	8.532101336109665	6.6292729481173	8.527503036612876	8.683931979871595	8.395974318931112	7.855717508242235	7.855717508242235	8.395974318931112	
EPI_ISL_521809	8.686187749436058	0.0	4.250477182023252	1.7388512927294812	0.2917751171264966	1.7771126149574874	5.061946902654867	0.28353288217942046	0.898837411070623	0.8931112267916016	0.39788304702411936	0.8931112267916016	1.0078951934756204	1.3643935450286309	0.8931112267916016	1.2205448551101856	0.7961998958875586	2.0220371334374456	4.119816068020128	0.40768696859274683	1.4885476314419572	0.8938053097345132	0.8931112267916016	0.898837411070623	0.8926774249522818	1.2101336109665104	1.1303140725316676	0.42911677945514487	1.3345479784834289	0.898837411070623	1.3345479784834289	1.3643935450286309	4.119816068020128	0.8932847475273296	0.8931112267916016	2.0220371334374456	2.0220371334374456	0.8931112267916016	0.40768696859274683	0.8931112267916016	0.40768696859274683	0.8934582682630574	4.119295505812945	0.8934582682630574	0.4022210654173174	1.2355543987506508	0.7375498872115218	0.8936317889987854	0.8930244664237377	0.2762450112788478	0.7229741454103765	0.2762450112788478	0.8936317889987854	0.8936317889987854	0.8959743189311122	0.40135346173867775	0.2762450112788478	0.8677771993753254	0.9195731389901093	0.40135346173867775	0.1963387124761409	0.40135346173867775	0.8936317889987854	1.2071837584591358	0.8959743189311122	0.4628665625542252	2.0232517785875412	0.40135346173867775	0.35571750824223497	0.27494360576088844	0.8959743189311122	1.363872982821447	0.8918965816415062	1.0458094742321709	0.8936317889987854	2.0232517785875412	0.8930244664237377	0.8959743189311122	0.7362484816935624	1.0621204233905952	0.8948464341488808	0.2706055873676904	1.0014749262536873	0.38174561860142286	0.8948464341488808	0.8948464341488808	0.6075828561513101	0.6792469200069409	0.8948464341488808	0.2732951587714732	0.8934582682630574	0.8934582682630574	0.2732951587714732	2.234773555439875	0.2704320666319625	0.18948464341488808	0.3960610792989762	0.8936317889987854	0.8936317889987854	0.3960610792989762	
EPI_ISL_530237	4.435710567412806	4.250477182023252	0.0	5.970067673086934	4.1195557869165365	2.4737116085372204	0.9895019954884609	4.112875238591012	3.974752732951588	3.4404823876453237	3.971282318237029	3.4404823876453237	4.083810515356585	2.927208051362138	3.4404823876453237	5.47084851639771	5.0465035571750825	2.376800277633177	1.3093874718028804	3.9810862398056566	2.795419052576783	3.4351032448377583	3.4404823876453237	3.974752732951588	3.963040083289953	3.700416449765747	3.5331424605240325	4.4942738157209785	5.420353982300885	3.974752732951588	5.420353982300885	2.927208051362138	1.3093874718028804	3.4385736595523166	3.4404823876453237	2.376800277633177	2.376800277633177	3.4404823876453237	3.9810862398056566	3.4404823876453237	3.9810862398056566	3.4319798715946557	1.307825785181329	3.4319798715946557	3.9724969633871248	3.8903348950199548	3.608363699462086	3.4300711435016487	3.4261669269477704	4.102116952975881	4.877841402047545	4.102116952975881	3.4300711435016487	3.4300711435016487	3.963734166232865	3.9704147145583897	4.102116952975881	4.526375151830644	3.7725143154606977	3.9704147145583897	4.182023251778587	3.9704147145583897	3.4300711435016487	5.28396668401874	3.963734166232865	4.444213083463474	2.3731563421828907	3.9704147145583897	4.0734860315807735	4.1008155474579215	3.963734166232865	2.923217074440396	3.956706576435884	3.647145583897276	3.4300711435016487	2.3731563421828907	3.4277286135693217	3.963734166232865	3.6018566718722886	5.312424084678119	3.9591358667360748	4.0949158424431715	4.064723234426514	4.206055873676904	3.9591358667360748	3.9591358667360748	4.431893111226792	3.6588582335589104	3.9591358667360748	4.097605413846955	3.4257331251084504	3.4257331251084504	4.097605413846955	2.316935623807045	4.093354155821621	4.24978309908034	3.961825438139858	3.4215686274509802	3.4215686274509802	3.961825438139858	
EPI_ISL_678363	10.405604719764012	1.7388512927294812	5.970067673086934	0.0	1.8781016831511366	3.5137081381225057	6.781363872982822	1.8853027936838451	2.0234252993232693	2.557695644629533	2.0268957140378276	2.557695644629533	2.076782925559604	3.070969980912719	2.557695644629533	1.5401700503210134	0.9771820232517786	3.743362831858407	5.84114176644109	2.0170917924692002	3.202758979698074	2.563074787437099	2.557695644629533	2.0234252993232693	2.0351379489849037	2.29776158250911	2.4650355717508243	1.5039042165538783	1.590664584417838	2.0234252993232693	1.590664584417838	3.070969980912719	5.84114176644109	2.55960437272254	2.557695644629533	3.743362831858407	3.743362831858407	2.557695644629533	2.0170917924692002	2.557695644629533	2.0170917924692002	2.5655040777372897	5.8420093701197295	2.5655040777372897	2.0249869859448206	2.180895366996356	2.3891202498698596	2.5674128058302967	2.571317022384175	1.8953669963560646	1.5702758979698075	1.8953669963560646	2.5674128058302967	2.5674128058302967	2.0337497830990805	2.0270692347735553	1.8953669963560646	1.9165365261148708	2.2249696338712477	2.0270692347735553	1.8154606975533576	2.0270692347735553	2.5674128058302967	1.6531320492798889	2.0337497830990805	1.5532708658684713	3.746312684365782	2.0270692347735553	1.9239979177511712	1.8966684018740239	2.0337497830990805	3.0742668748915496	2.040777372896061	2.3503383654346695	2.5674128058302967	3.746312684365782	2.5697553357626237	2.0337497830990805	2.3954537567239287	1.194169703279542	2.038174561860142	1.9023945861530454	2.0868471282318235	1.7912545549193128	2.038174561860142	2.038174561860142	1.5654173173694257	2.338452195037307	2.038174561860142	1.8997050147492625	2.571577303487767	2.571577303487767	1.8997050147492625	3.8304702411938227	1.9037827520388686	1.7473538087801492	2.035311469720632	2.575568280409509	2.575568280409509	2.035311469720632	
EPI_ISL_593164	8.555092833593614	0.2917751171264966	4.1195557869165365	1.8781016831511366	0.0	1.7053617907339926	4.930851986812424	0.1413326392503904	0.6348256116605935	0.689658164150616	0.2633177164671178	0.689658164150616	0.7438833940655908	1.306003817456186	0.689658164150616	1.351292729481173	0.9269477702585459	1.8652611487072706	3.963040083289953	0.2731216380357453	1.4377928162415408	0.6903522470935277	0.689658164150616	0.6348256116605935	0.629186187749436	1.2962866562554225	1.1583376713517266	0.3747180288044421	1.3007981953843484	0.6348256116605935	1.3007981953843484	1.306003817456186	3.963040083289953	0.6898316848863439	0.689658164150616	1.8652611487072706	1.8652611487072706	0.689658164150616	0.2731216380357453	0.689658164150616	0.2731216380357453	0.6922609751865348	3.9647752906472324	0.6922609751865348	0.269390942217595	1.486899184452542	0.5193475620336631	0.6929550581294465	0.6942564636474059	0.13716814159292035	0.769390942217595	0.13716814159292035	0.6929550581294465	0.6929550581294465	0.6347388512927294	0.26887038001041125	0.13716814159292035	0.7052750303661287	0.8441783793163283	0.26887038001041125	0.11192087454450807	0.26887038001041125	0.6929550581294465	1.168401874023946	0.6347388512927294	0.3305570015616866	1.8692521256290127	0.26887038001041125	0.1730869338885997	0.13586673607496097	0.6347388512927294	1.3086066284921047	0.6329168835675864	0.9770085025160506	0.6929550581294465	1.8692521256290127	0.6926947770258546	0.6347388512927294	0.5204754468158945	1.1942564636474058	0.6355196946035051	0.13638729828214471	0.7428422696512234	0.20102377234079472	0.6355196946035051	0.6355196946035051	0.42686100989068193	0.46347388512927296	0.6355196946035051	0.13612701717855283	0.6948637862224536	0.6948637862224536	0.13612701717855283	2.3178032274856846	0.13760194343224016	0.14272080513621377	0.26913066111400313	0.6993753253513795	0.6993753253513795	0.26913066111400313	
EPI_ISL_521525	6.90907513447857	1.7771126149574874	2.4737116085372204	3.5137081381225057	1.7053617907339926	0.0	3.2848342876973797	1.8029672045809475	1.928769737983689	1.394499392677425	1.9150615998611835	1.394499392677425	2.0378275203886864	0.952542078778414	1.394499392677425	2.9971369078604893	2.572791948637862	0.9927988894672913	2.3650876279715427	1.924865521429811	1.0744403956272774	1.390161374284227	1.394499392677425	1.928769737983689	1.9170570883220546	1.4508936317889989	1.3710740933541559	2.0205622071837586	2.9478570189137603	1.928769737983689	2.9478570189137603	0.952542078778414	2.3650876279715427	1.3929377060558736	1.394499392677425	0.9927988894672913	0.9927988894672913	1.394499392677425	1.924865521429811	1.394499392677425	1.924865521429811	1.3873850425125802	2.3635259413499914	1.3873850425125802	1.9171438486899184	1.6395974318931112	1.5637688703800103	1.385996876626757	1.3820926600728787	1.7929030019087282	2.4041297935103243	1.7929030019087282	1.385996876626757	1.385996876626757	1.9196598993579732	1.9157556828040951	1.7929030019087282	2.379403088669096	1.5745271559951415	1.9157556828040951	1.7129967031060211	1.9157556828040951	1.385996876626757	2.819278153739372	1.9196598993579732	1.9795245531841055	0.9910636821100122	1.9157556828040951	1.8723754988721153	1.7916015963907688	1.9196598993579732	0.9492451847995835	1.9126323095609925	1.69850772167274	1.385996876626757	0.9910636821100122	1.38365434669443	1.9196598993579732	1.5584764879403088	2.838712476140899	1.9157556828040951	1.7860489328474753	2.021343050494534	1.8971889640812076	1.9157556828040951	1.9157556828040951	2.123026201631095	1.6154780496269303	1.9157556828040951	1.788738504251258	1.3823529411764706	1.3823529411764706	1.788738504251258	0.6384695471108798	1.7846607669616519	1.7760714905431199	1.9080340100642026	1.37905604719764	1.37905604719764	1.9080340100642026	
EPI_ISL_639749	3.6242408467811904	5.061946902654867	0.9895019954884609	6.781363872982822	4.930851986812424	3.2848342876973797	0.0	4.923824397015443	4.78570189137602	4.251431546069755	4.782231476661461	4.251431546069755	4.894759673781016	3.7381572097865696	4.251431546069755	6.281797674822141	5.857452715599514	3.0657643588408816	1.799496789866389	4.792035398230088	3.6063682110012145	4.24605240326219	4.251431546069755	4.78570189137602	4.773989241714385	4.511365608190179	4.344091618948465	5.30522297414541	6.231303140725316	4.78570189137602	6.231303140725316	3.7381572097865696	1.799496789866389	4.249522817976748	4.251431546069755	3.0657643588408816	3.0657643588408816	4.251431546069755	4.792035398230088	4.251431546069755	4.792035398230088	4.242929030019087	1.7979351032448379	4.242929030019087	4.783446121811556	4.701284053444387	4.419312857886517	4.24102030192608	4.237116085372202	4.913066111400313	5.688790560471976	4.913066111400313	4.24102030192608	4.24102030192608	4.774683324657296	4.781363872982822	4.913066111400313	5.337324310255076	4.583463473885129	4.781363872982822	4.992972410203019	4.781363872982822	4.24102030192608	6.0949158424431715	4.774683324657296	5.255162241887906	3.062120423390595	4.781363872982822	4.884435190005205	4.911764705882353	4.774683324657296	3.7341662328648275	4.767655734860316	4.458094742321707	4.24102030192608	3.062120423390595	4.238677771993753	4.774683324657296	4.412805830296721	6.1233732431025505	4.7700850251605065	4.905865000867603	4.875672392850945	5.017005032101336	4.7700850251605065	4.7700850251605065	5.242842269651224	4.469807391983342	4.7700850251605065	4.908554572271386	4.236682283532883	4.236682283532883	4.908554572271386	3.005899705014749	4.904303314246053	5.060732257504772	4.77277459656429	4.232517785875412	4.232517785875412	4.77277459656429	
EPI_ISL_663765	8.547891723060905	0.28353288217942046	4.112875238591012	1.8853027936838451	0.1413326392503904	1.8029672045809475	4.923824397015443	0.0	0.6548672566371682	0.672392850945688	0.1415929203539823	0.672392850945688	0.7639250390421656	1.1856671872288738	0.672392850945688	1.357973277806698	0.9421308346347389	1.8580600381745618	3.9558389727572445	0.13178899878535486	1.3174561860142286	0.6777719937532535	0.672392850945688	0.6548672566371682	0.6592920353982301	1.2790213430504946	1.11174735380878	0.38139857712996705	1.3074787437098734	0.6548672566371682	1.3074787437098734	1.1856671872288738	3.9558389727572445	0.6743015790386951	0.672392850945688	1.8580600381745618	1.8580600381745618	0.672392850945688	0.13178899878535486	0.672392850945688	0.13178899878535486	0.681068887732084	3.957574180114524	0.681068887732084	0.14055179593961478	1.469633871247614	0.5046850598646538	0.683151136560819	0.6870553531146972	0.011105327086586847	0.7892590664584418	0.011105327086586847	0.683151136560819	0.683151136560819	0.6610272427555093	0.14280756550407775	0.011105327086586847	0.6255422522991497	0.7214124587888253	0.14280756550407775	0.0903175429463821	0.14280756550407775	0.683151136560819	1.1762970674995663	0.6610272427555093	0.34799583550234253	1.862051015096304	0.14280756550407775	0.09057782404997397	0.012406732604546243	0.6610272427555093	1.1900052056220718	0.6644108971022037	0.8532014575741801	0.683151136560819	1.862051015096304	0.6854936664931459	0.6610272427555093	0.5115391289259067	1.2054485511018567	0.6644108971022037	0.018479958355023425	0.7689571403782752	0.11851466250216901	0.6644108971022037	0.6644108971022037	0.34140204754468156	0.45453756723928507	0.6644108971022037	0.015790386951240673	0.6876626756897449	0.6876626756897449	0.015790386951240673	2.4150615998611835	0.02038868644803054	0.17352073572791948	0.15191740412979352	0.6921742148186708	0.6921742148186708	0.15191740412979352	
EPI_ISL_779546	8.409769217421482	0.898837411070623	3.974752732951588	2.0234252993232693	0.6348256116605935	1.928769737983689	4.78570189137602	0.6548672566371682	0.0	0.534270345306264	0.5295852854416103	0.534270345306264	0.1090577824049974	1.7124761408988374	0.534270345306264	1.4960957834461217	1.084070796460177	1.719937532535138	3.8177164671178208	0.5230782578518133	1.5806871421134825	0.5396494881138296	0.534270345306264	0.0	0.011712649661634565	1.8476487940308868	1.6803748047891722	0.5195210827693909	1.4456012493492973	0.0	1.4456012493492973	1.7124761408988374	3.8177164671178208	0.5361790733992712	0.534270345306264	1.719937532535138	1.719937532535138	0.534270345306264	0.5230782578518133	0.534270345306264	0.5230782578518133	0.5429463820926601	3.8194516744750997	0.5429463820926601	0.5268089536699636	2.0382613222280064	0.36656255422522993	0.5450286309213951	0.5489328474752733	0.6583376713517265	0.922522991497484	0.6583376713517265	0.5450286309213951	0.5450286309213951	0.011365608190178726	0.5276765573486032	0.6583376713517265	0.58632656602464	1.2862224535832032	0.5276765573486032	0.7382439701544334	0.5276765573486032	0.5450286309213951	1.314766614610446	0.011365608190178726	0.48368905084157554	1.7239285094568801	0.5276765573486032	0.5788651743883394	0.6589449939267743	0.011365608190178726	1.7124761408988374	0.018393197987159465	1.161894846434149	0.5450286309213951	1.7239285094568801	0.5473711608537221	0.011365608190178726	0.37341662328648273	1.3456533055700157	0.016137428422696512	0.661547804962693	0.12051015096304009	0.551622418879056	0.016137428422696512	0.016137428422696512	0.47570709699809127	0.31641506159986116	0.016137428422696512	0.6600728787090058	0.549540170050321	0.549540170050321	0.6600728787090058	2.5401700503210134	0.661721325698421	0.7466597258372375	0.5319278153739372	0.554051709179247	0.554051709179247	0.5319278153739372	
EPI_ISL_519393	7.875498872115218	0.8931112267916016	3.4404823876453237	2.557695644629533	0.689658164150616	1.394499392677425	4.251431546069755	0.672392850945688	0.534270345306264	0.0	0.540864133263925	0.0	0.6433281277112615	1.1782057955925733	0.0	2.030366128752386	1.6086239805656777	1.1856671872288738	3.2834461218115565	0.5406038521603331	1.0464167968072184	0.005379142807565504	0.0	0.534270345306264	0.5329689397883047	1.3133784487246225	1.1461044594829082	1.053791428075655	1.9798715946555614	0.534270345306264	1.9798715946555614	1.1782057955925733	3.2834461218115565	0.0019087280930071143	0.0	1.1856671872288738	1.1856671872288738	0.0	0.5406038521603331	0.0	0.5406038521603331	0.008676036786395974	3.285181329168836	0.008676036786395974	0.5403435710567412	1.503990976921742	0.181068887732084	0.010758285615131008	0.014662502169009196	0.6713517265313205	1.4434322401526982	0.6713517265313205	0.010758285615131008	0.010758285615131008	0.5369599167100468	0.5406906125281972	0.6713517265313205	1.098906819364914	0.7519521082769391	0.5406906125281972	0.7512580253340274	0.5406906125281972	0.010758285615131008	1.8474752732951587	0.5369599167100468	1.010498004511539	1.189658164150616	0.5406906125281972	0.6427208051362138	0.6714384868991845	0.5369599167100468	1.1782057955925733	0.536699635606455	0.6276245011278848	0.010758285615131008	1.189658164150616	0.013100815547457921	0.5369599167100468	0.18566718722887385	1.8733298629186188	0.5389554051709179	0.6723060905778241	0.6433281277112615	0.7763317716467117	0.5389554051709179	0.5389554051709179	1.0002602811035919	0.2426687489154954	0.5389554051709179	0.6718722887385042	0.015269824744056915	0.015269824744056915	0.6718722887385042	2.005899705014749	0.6724796113135519	0.8268263057435363	0.5426861009890682	0.01978136387298282	0.01978136387298282	0.5426861009890682	
EPI_ISL_592019	8.406298802706923	0.39788304702411936	3.971282318237029	2.0268957140378276	0.2633177164671178	1.9150615998611835	4.782231476661461	0.1415929203539823	0.5295852854416103	0.540864133263925	0.0	0.540864133263925	0.6386430678466076	1.3076522644456012	0.540864133263925	1.4995661981606803	1.075221238938053	1.7164671178205795	3.814246052403262	0.00980392156862745	1.1758632656602463	0.5415582162068368	0.540864133263925	0.5295852854416103	0.5239458615304529	1.4010064202672219	1.2337324310255076	0.5229914974839494	1.4490716640638557	0.5295852854416103	1.4490716640638557	1.3076522644456012	3.814246052403262	0.541037653999653	0.540864133263925	1.7164671178205795	1.7164671178205795	0.540864133263925	0.00980392156862745	0.540864133263925	0.00980392156862745	0.5434669442998439	3.8159812597605414	0.5434669442998439	0.008328995314940135	1.5916189484643415	0.37055353114697204	0.5441610272427555	0.5454624327607149	0.13846954711087975	0.9197466597258372	0.13846954711087975	0.5441610272427555	0.5441610272427555	0.5294985250737463	0.008328995314940135	0.13846954711087975	0.5913586673607496	0.8444386604199202	0.008328995314940135	0.21837584591358666	0.008328995314940135	0.5441610272427555	1.316675342703453	0.5294985250737463	0.480565677598473	1.7204580947423218	0.008328995314940135	0.10983862571577303	0.13751518306437618	0.5294985250737463	1.31025507548152	0.5276765573486032	0.7190699288564983	0.5441610272427555	1.7204580947423218	0.5439007461391636	0.5294985250737463	0.37168141592920356	1.342529932326913	0.5302793683845219	0.13803574527155996	0.6376019434322402	0.24622592399791776	0.5302793683845219	0.5302793683845219	0.472063161547805	0.314679854242582	0.5302793683845219	0.13777546416796807	0.5460697553357626	0.5460697553357626	0.13777546416796807	2.5264619121985077	0.1394239111573833	0.2937706055873677	0.01032448377581121	0.5505812944646885	0.5505812944646885	0.01032448377581121	
EPI_ISL_518914	7.875498872115218	0.8931112267916016	3.4404823876453237	2.557695644629533	0.689658164150616	1.394499392677425	4.251431546069755	0.672392850945688	0.534270345306264	0.0	0.540864133263925	0.0	0.6433281277112615	1.1782057955925733	0.0	2.030366128752386	1.6086239805656777	1.1856671872288738	3.2834461218115565	0.5406038521603331	1.0464167968072184	0.005379142807565504	0.0	0.534270345306264	0.5329689397883047	1.3133784487246225	1.1461044594829082	1.053791428075655	1.9798715946555614	0.534270345306264	1.9798715946555614	1.1782057955925733	3.2834461218115565	0.0019087280930071143	0.0	1.1856671872288738	1.1856671872288738	0.0	0.5406038521603331	0.0	0.5406038521603331	0.008676036786395974	3.285181329168836	0.008676036786395974	0.5403435710567412	1.503990976921742	0.181068887732084	0.010758285615131008	0.014662502169009196	0.6713517265313205	1.4434322401526982	0.6713517265313205	0.010758285615131008	0.010758285615131008	0.5369599167100468	0.5406906125281972	0.6713517265313205	1.098906819364914	0.7519521082769391	0.5406906125281972	0.7512580253340274	0.5406906125281972	0.010758285615131008	1.8474752732951587	0.5369599167100468	1.010498004511539	1.189658164150616	0.5406906125281972	0.6427208051362138	0.6714384868991845	0.5369599167100468	1.1782057955925733	0.536699635606455	0.6276245011278848	0.010758285615131008	1.189658164150616	0.013100815547457921	0.5369599167100468	0.18566718722887385	1.8733298629186188	0.5389554051709179	0.6723060905778241	0.6433281277112615	0.7763317716467117	0.5389554051709179	0.5389554051709179	1.0002602811035919	0.2426687489154954	0.5389554051709179	0.6718722887385042	0.015269824744056915	0.015269824744056915	0.6718722887385042	2.005899705014749	0.6724796113135519	0.8268263057435363	0.5426861009890682	0.01978136387298282	0.01978136387298282	0.5426861009890682	
EPI_ISL_593182	8.51882699982648	1.0078951934756204	4.083810515356585	2.076782925559604	0.7438833940655908	2.0378275203886864	4.894759673781016	0.7639250390421656	0.1090577824049974	0.6433281277112615	0.6386430678466076	0.6433281277112615	0.0	1.8215339233038348	0.6433281277112615	1.3870380010411245	1.1931285788651744	1.8289953149401355	3.926774249522818	0.6321360402568107	1.68974492451848	0.648707270518827	0.6433281277112615	0.1090577824049974	0.12077043206663196	1.9567065764358842	1.7894325871941696	0.6285788651743883	1.3365434669443	0.1090577824049974	1.3365434669443	1.8215339233038348	3.926774249522818	0.6452368558042686	0.6433281277112615	1.8289953149401355	1.8289953149401355	0.6433281277112615	0.6321360402568107	0.6433281277112615	0.6321360402568107	0.6520041644976575	3.9285094568800973	0.6520041644976575	0.6358667360749609	2.1473191046330036	0.4756203366302273	0.6540864133263925	0.6579906298802707	0.7673954537567239	0.8223147666146104	0.7673954537567239	0.6540864133263925	0.6540864133263925	0.12042339059517612	0.6367343397536006	0.7673954537567239	0.4904563595349644	1.3952802359882006	0.6367343397536006	0.8473017525594309	0.6367343397536006	0.6540864133263925	1.2086586847128231	0.12042339059517612	0.592746833246573	1.8329862918618776	0.6367343397536006	0.6879229567933368	0.7680027763317716	0.12042339059517612	1.8215339233038348	0.12745098039215685	1.2709526288391462	0.6540864133263925	1.8329862918618776	0.6564289432587194	0.12042339059517612	0.48247440569148015	1.2423217074440396	0.12519521082769391	0.7706055873676905	0.0196078431372549	0.6606802012840535	0.12519521082769391	0.12519521082769391	0.5847648794030886	0.4254728440048586	0.12519521082769391	0.7691306611140031	0.6585979524553184	0.6585979524553184	0.7691306611140031	2.6492278327260106	0.7707791081034183	0.8557175082422349	0.6409855977789346	0.6631094915842444	0.6631094915842444	0.6409855977789346	
EPI_ISL_592235	7.3622245358320315	1.3643935450286309	2.927208051362138	3.070969980912719	1.306003817456186	0.952542078778414	3.7381572097865696	1.1856671872288738	1.7124761408988374	1.1782057955925733	1.3076522644456012	1.1782057955925733	1.8215339233038348	0.0	1.1782057955925733	2.5436404650355717	2.1192955058129446	0.672392850945688	2.7701717855283707	1.3174561860142286	0.13178899878535486	1.1756029845566545	1.1782057955925733	1.7124761408988374	1.702498698594482	0.7732083984036092	0.6059344091618949	1.5670657643588408	2.493145930938747	1.7124761408988374	2.493145930938747	0.0	2.7701717855283707	1.1771646711782058	1.1782057955925733	0.672392850945688	0.672392850945688	1.1782057955925733	1.3174561860142286	1.1782057955925733	1.3174561860142286	1.176644108971022	2.7719069928856497	1.176644108971022	1.315113656081902	0.9638209266007288	1.3530279368384521	1.1764705882352942	1.1732604546243277	1.183237896928683	1.9561860142287004	1.183237896928683	1.1764705882352942	1.1764705882352942	1.7101336109665104	1.3149401353461738	1.183237896928683	1.77980218636127	0.8536352594134999	1.3149401353461738	1.2624501127884782	1.3149401353461738	1.1764705882352942	2.3607496095783445	1.7101336109665104	1.5246399444733645	0.6763838278674301	1.3149401353461738	1.26271039389207	1.1819364914107235	1.7101336109665104	0.004338018393197987	1.7034530626409856	0.9854242581988547	1.1764705882352942	0.6763838278674301	1.1741280583029672	1.7101336109665104	1.3524206142634045	2.3866041992018046	1.7096998091271907	1.1800277633177165	1.8152871768176297	1.2911677945514488	1.7096998091271907	1.7096998091271907	1.5170050321013362	1.409422175950026	1.7096998091271907	1.1827173347214992	1.1762970674995663	1.1762970674995663	1.1827173347214992	1.2293944126323095	1.1819364914107235	1.3350685406906124	1.3134652090924865	1.1759500260281104	1.1759500260281104	1.3134652090924865	
EPI_ISL_527036	7.875498872115218	0.8931112267916016	3.4404823876453237	2.557695644629533	0.689658164150616	1.394499392677425	4.251431546069755	0.672392850945688	0.534270345306264	0.0	0.540864133263925	0.0	0.6433281277112615	1.1782057955925733	0.0	2.030366128752386	1.6086239805656777	1.1856671872288738	3.2834461218115565	0.5406038521603331	1.0464167968072184	0.005379142807565504	0.0	0.534270345306264	0.5329689397883047	1.3133784487246225	1.1461044594829082	1.053791428075655	1.9798715946555614	0.534270345306264	1.9798715946555614	1.1782057955925733	3.2834461218115565	0.0019087280930071143	0.0	1.1856671872288738	1.1856671872288738	0.0	0.5406038521603331	0.0	0.5406038521603331	0.008676036786395974	3.285181329168836	0.008676036786395974	0.5403435710567412	1.503990976921742	0.181068887732084	0.010758285615131008	0.014662502169009196	0.6713517265313205	1.4434322401526982	0.6713517265313205	0.010758285615131008	0.010758285615131008	0.5369599167100468	0.5406906125281972	0.6713517265313205	1.098906819364914	0.7519521082769391	0.5406906125281972	0.7512580253340274	0.5406906125281972	0.010758285615131008	1.8474752732951587	0.5369599167100468	1.010498004511539	1.189658164150616	0.5406906125281972	0.6427208051362138	0.6714384868991845	0.5369599167100468	1.1782057955925733	0.536699635606455	0.6276245011278848	0.010758285615131008	1.189658164150616	0.013100815547457921	0.5369599167100468	0.18566718722887385	1.8733298629186188	0.5389554051709179	0.6723060905778241	0.6433281277112615	0.7763317716467117	0.5389554051709179	0.5389554051709179	1.0002602811035919	0.2426687489154954	0.5389554051709179	0.6718722887385042	0.015269824744056915	0.015269824744056915	0.6718722887385042	2.005899705014749	0.6724796113135519	0.8268263057435363	0.5426861009890682	0.01978136387298282	0.01978136387298282	0.5426861009890682	
EPI_ISL_779603	9.905865000867603	1.2205448551101856	5.47084851639771	1.5401700503210134	1.351292729481173	2.9971369078604893	6.281797674822141	1.357973277806698	1.4960957834461217	2.030366128752386	1.4995661981606803	2.030366128752386	1.3870380010411245	2.5436404650355717	2.030366128752386	0.0	0.6613742842269651	3.2160333159812597	5.3138122505639425	1.4897622765920528	2.6754294638209264	2.0357452715599513	2.030366128752386	1.4960957834461217	1.5078084331077564	2.013881658858234	1.937706055873677	0.9765747006767309	0.29394412632309563	1.4960957834461217	0.29394412632309563	2.5436404650355717	5.3138122505639425	2.032274856845393	2.030366128752386	3.2160333159812597	3.2160333159812597	2.030366128752386	1.4897622765920528	2.030366128752386	1.4897622765920528	2.039042165538782	5.315547457921221	2.039042165538782	1.4985250737463127	1.863872982821447	1.8626583376713517	2.041124414367517	2.045028630921395	1.3690786048932848	0.5933541558216207	1.3690786048932848	2.041124414367517	2.041124414367517	1.5074613916363004	1.5007808433107757	1.3690786048932848	0.9448204060385216	1.8432240152698247	1.5007808433107757	1.2891723060905778	1.5007808433107757	2.041124414367517	0.2512580253340274	1.5074613916363004	1.0269824744056915	3.220024292903002	1.5007808433107757	1.3977095262883914	1.3703800104112442	1.5074613916363004	2.5479784834287695	1.5144889814332814	1.8807912545549192	2.041124414367517	3.220024292903002	2.0434669442998437	1.5074613916363004	1.8695124067326045	0.465556133958008	1.5122332118688184	1.3764532361617212	1.4066458441783793	1.265313204927989	1.5122332118688184	1.5122332118688184	1.0394759673781018	1.812510845045983	1.5122332118688184	1.3737636647579385	2.045635953496443	2.045635953496443	1.3737636647579385	3.4162762450112787	1.3783619642547285	1.221933020996009	1.5098906819364915	2.050147492625369	2.050147492625369	1.5098906819364915	
EPI_ISL_593419	9.481520041644977	0.7961998958875586	5.0465035571750825	0.9771820232517786	0.9269477702585459	2.572791948637862	5.857452715599514	0.9421308346347389	1.084070796460177	1.6086239805656777	1.075221238938053	1.6086239805656777	1.1931285788651744	2.1192955058129446	1.6086239805656777	0.6613742842269651	0.0	2.7916883567586326	4.889467291341315	1.0739198334200937	2.2510845045982997	1.6122679160159639	1.6086239805656777	1.084070796460177	1.0834634738851292	1.3851292729481173	1.5133610966510498	0.5664584417837931	0.7509109838625716	1.084070796460177	0.7509109838625716	2.1192955058129446	4.889467291341315	1.609838625715773	1.6086239805656777	2.7916883567586326	2.7916883567586326	1.6086239805656777	1.0739198334200937	1.6086239805656777	1.0739198334200937	1.6150442477876106	4.891202498698594	1.6150442477876106	1.0766094048238763	1.2037133437445775	1.4402221065417318	1.6167794551448897	1.620683671698768	0.9457747700850252	0.6796807218462606	0.9457747700850252	1.6167794551448897	1.6167794551448897	1.086413326392504	1.077477008502516	0.9457747700850252	1.025941349991324	1.4188790560471976	1.077477008502516	0.8658684712823183	1.077477008502516	1.6167794551448897	0.7703453062640986	1.086413326392504	0.6061079298976227	2.7956793336803747	1.077477008502516	0.9744056914801319	0.9460350511886171	1.086413326392504	2.123633524206143	1.0901440222106542	1.4564462953322923	1.6167794551448897	2.7956793336803747	1.6191219850772167	1.086413326392504	1.4451674475099774	0.27841402047544683	1.0878882526461913	0.9521082769390942	1.1965989935797328	0.8409682457053618	1.0878882526461913	1.0878882526461913	0.6151310081554746	1.3881658858233559	1.0878882526461913	0.9494187055353115	1.6212909942738156	1.6212909942738156	0.9494187055353115	2.9919312857886515	0.9540170050321013	0.7975880617733819	1.0855457227138643	1.6258025334027417	1.6258025334027417	1.0855457227138643	
EPI_ISL_592908	6.689831684886344	2.0220371334374456	2.376800277633177	3.743362831858407	1.8652611487072706	0.9927988894672913	3.0657643588408816	1.8580600381745618	1.719937532535138	1.1856671872288738	1.7164671178205795	1.1856671872288738	1.8289953149401355	0.672392850945688	1.1856671872288738	3.2160333159812597	2.7916883567586326	0.0	2.0977789345826827	1.7262710393892071	0.5406038521603331	1.1823702932500433	1.1856671872288738	1.719937532535138	1.7082248828735034	1.4456012493492973	1.2783272601075828	2.239458615304529	3.165538781884435	1.719937532535138	3.165538781884435	0.672392850945688	2.0977789345826827	1.1844525420787784	1.1856671872288738	0.0	0.0	1.1856671872288738	1.7262710393892071	1.1856671872288738	1.7262710393892071	1.183237896928683	2.0995141419399617	1.183237896928683	1.7216727398924172	1.6362137775464167	1.359621724796113	1.182890855457227	1.178986638903349	1.851292729481173	2.6249349297241023	1.851292729481173	1.182890855457227	1.182890855457227	1.7165538781884435	1.7206316154780497	1.851292729481173	2.2764185320145756	1.52169009196599	1.7206316154780497	1.93119902828388	1.7206316154780497	1.182890855457227	3.0331424605240325	1.7165538781884435	2.193388859968766	0.003990976921742148	1.7206316154780497	1.8226618080860664	1.8499913239632135	1.7165538781884435	0.672392850945688	1.7095262883914628	1.3973624848169357	1.182890855457227	0.003990976921742148	1.1805483255249003	1.7165538781884435	1.3583203192781537	3.0589970501474926	1.71559951414194	1.8463473885129273	1.8211868818323789	1.9574874197466596	1.71559951414194	1.71559951414194	2.183324657296547	1.4153218809647752	1.71559951414194	1.84903695991671	1.1821967725143154	1.1821967725143154	1.84903695991671	0.8202325177858754	1.8465209092486552	2.0008676036786395	1.7167273989241714	1.181329168835676	1.181329168835676	1.7167273989241714	
EPI_ISL_591856	4.592052750303662	4.119816068020128	1.3093874718028804	5.84114176644109	3.963040083289953	2.3650876279715427	1.799496789866389	3.9558389727572445	3.8177164671178208	3.2834461218115565	3.814246052403262	3.2834461218115565	3.926774249522818	2.7701717855283707	3.2834461218115565	5.3138122505639425	4.889467291341315	2.0977789345826827	0.0	3.82404997397189	2.6383827867430156	3.278066979003991	3.2834461218115565	3.8177164671178208	3.806003817456186	3.54338018393198	3.3761061946902653	4.337237549887211	5.263317716467117	3.8177164671178208	5.263317716467117	2.7701717855283707	0.0	3.2815373937185495	3.2834461218115565	2.0977789345826827	2.0977789345826827	3.2834461218115565	3.82404997397189	3.2834461218115565	3.82404997397189	3.2782404997397188	0.0017352073572791948	3.2782404997397188	3.8187575915321883	3.7339927121290994	3.454624327607149	3.2770258545896236	3.2731216380357453	3.9490716640638555	4.722713864306785	3.9490716640638555	3.2770258545896236	3.2770258545896236	3.81068887732084	3.8173694256463646	3.9490716640638555	4.373329862918618	3.6194690265486726	3.8173694256463646	4.028977962866563	3.8173694256463646	3.2770258545896236	5.130921395106715	3.81068887732084	4.291167794551449	2.0981259760541384	3.8173694256463646	3.920440742668749	3.947770258545896	3.81068887732084	2.7701717855283707	3.803661287523859	3.494100294985251	3.2770258545896236	2.0981259760541384	3.2746833246572966	3.81068887732084	3.4510671525247267	5.156775984730175	3.808346347388513	3.94412632309561	3.9139337150789517	4.055266354329342	3.808346347388513	3.808346347388513	4.28110359187923	3.5080687142113485	3.808346347388513	3.9468158944993927	3.2749436057608885	3.2749436057608885	3.9468158944993927	2.0611660593440915	3.9442998438313377	4.098646538261322	3.812771126149575	3.2725143154606977	3.2725143154606977	3.812771126149575	
EPI_ISL_519242	8.41610272427555	0.40768696859274683	3.9810862398056566	2.0170917924692002	0.2731216380357453	1.924865521429811	4.792035398230088	0.13178899878535486	0.5230782578518133	0.5406038521603331	0.00980392156862745	0.5406038521603331	0.6321360402568107	1.3174561860142286	0.5406038521603331	1.4897622765920528	1.0739198334200937	1.7262710393892071	3.82404997397189	0.0	1.1856671872288738	0.5459829949678987	0.5406038521603331	0.5230782578518133	0.5275030366128752	1.4108103418358493	1.243536352594135	0.5131875759153219	1.4392677424952283	0.5230782578518133	1.4392677424952283	1.3174561860142286	3.82404997397189	0.5425125802533403	0.5406038521603331	1.7262710393892071	1.7262710393892071	0.5406038521603331	0.0	0.5406038521603331	0.0	0.5492798889467292	3.825785181329169	0.5492798889467292	0.008762797154259934	1.601422870032969	0.37289606107929896	0.5513621377754642	0.5552663543293423	0.1411591185146625	0.9200069408294291	0.1411591185146625	0.5513621377754642	0.5513621377754642	0.5292382439701544	0.011018566718722887	0.1411591185146625	0.5916189484643415	0.8514662502169009	0.011018566718722887	0.22106541731736942	0.011018566718722887	0.5513621377754642	1.308086066284921	0.5292382439701544	0.47874370987332987	1.7302620163109492	0.011018566718722887	0.11252819711955579	0.1424605240326219	0.5292382439701544	1.3200589970501475	0.5326218983168489	0.726097518653479	0.5513621377754642	1.7302620163109492	0.553704667707791	0.5292382439701544	0.3797501301405518	1.3372375498872116	0.5326218983168489	0.1478396668401874	0.6371681415929203	0.24787437098733298	0.5326218983168489	0.5326218983168489	0.47076175602984555	0.32274856845393024	0.5326218983168489	0.14515009543640464	0.55587367690439	0.55587367690439	0.14515009543640464	2.536265833767135	0.14922783272601076	0.30357452715599514	0.02012840534443866	0.560385216033316	0.560385216033316	0.02012840534443866	
EPI_ISL_663941	7.230435537046677	1.4885476314419572	2.795419052576783	3.202758979698074	1.4377928162415408	1.0744403956272774	3.6063682110012145	1.3174561860142286	1.5806871421134825	1.0464167968072184	1.1758632656602463	1.0464167968072184	1.68974492451848	0.13178899878535486	1.0464167968072184	2.6754294638209264	2.2510845045982997	0.5406038521603331	2.6383827867430156	1.1856671872288738	0.0	1.0438139857712996	1.0464167968072184	1.5806871421134825	1.5707096998091272	0.9049973971889641	0.7377234079472497	1.6988547631441957	2.6249349297241023	1.5806871421134825	2.6249349297241023	0.13178899878535486	2.6383827867430156	1.045375672392851	1.0464167968072184	0.5406038521603331	0.5406038521603331	1.0464167968072184	1.1856671872288738	1.0464167968072184	1.1856671872288738	1.0448551101856671	2.640117994100295	1.0448551101856671	1.183324657296547	1.0956099253860836	1.2212389380530972	1.0446815894499393	1.0414714558389728	1.3132916883567587	2.0869338885996878	1.3132916883567587	1.0446815894499393	1.0446815894499393	1.5783446121811557	1.183151136560819	1.3132916883567587	1.745878882526462	0.9836890508415755	1.183151136560819	1.3931979871594655	1.183151136560819	1.0446815894499393	2.4925386083636996	1.5783446121811557	1.6553878188443518	0.5445948290820753	1.183151136560819	1.2846607669616519	1.3119902828387993	1.5783446121811557	0.13439180982127363	1.5716640638556307	0.8583203192781538	1.0446815894499393	0.5445948290820753	1.0423390595176123	1.5783446121811557	1.2206316154780497	2.5183931979871597	1.5779108103418358	1.3093874718028804	1.6834981780322749	1.420527503036613	1.5779108103418358	1.5779108103418358	1.6463647405865	1.2776331771646712	1.5779108103418358	1.3120770432066633	1.0445080687142114	1.0445080687142114	1.3120770432066633	1.3505986465382613	1.3107756376887039	1.4651223321186881	1.1816762103071317	1.0441610272427555	1.0441610272427555	1.1816762103071317	
